Вариант 1
8
  0 16 18 13 14 20 20 13
 16  0 14 13 20 13 15 19
 18 14  0 19 12 20 17 12
 13 13 19  0 14 15 13 11
 14 20 12 14  0 17 17 18
 20 13 20 15 17  0 20 10
 20 15 17 13 17 20  0 10
 13 19 12 11 18 10 10  0
Вариант 2
8
  0 16 15 18 14 18 18 14
 16  0 17 14 13 19 18 14
 15 17  0 12 12 10 20 17
 18 14 12  0 12 14 20 10
 14 13 12 12  0 18 18 11
 18 19 10 14 18  0 13 18
 18 18 20 20 18 13  0 14
 14 14 17 10 11 18 14  0
Вариант 3
8
  0 13 14 11 15 11 14 10
 13  0 19 17 19 14 13 20
 14 19  0 11 14 10 13 11
 11 17 11  0 14 12 14 13
 15 19 14 14  0 18 20 11
 11 14 10 12 18  0 17 11
 14 13 13 14 20 17  0 12
 10 20 11 13 11 11 12  0
Вариант 4
8
  0 14 10 12 13 19 19 14
 14  0 18 17 10 10 10 14
 10 18  0 13 13 15 19 12
 12 17 13  0 19 16 16 13
 13 10 13 19  0 10 16 18
 19 10 15 16 10  0 14 14
 19 10 19 16 16 14  0 16
 14 14 12 13 18 14 16  0
Вариант 5
8
  0 12 15 19 18 10 20 18
 12  0 11 19 17 13 13 15
 15 11  0 18 17 17 20 16
 19 19 18  0 16 10 11 16
 18 17 17 16  0 15 17 11
 10 13 17 10 15  0 11 11
 20 13 20 11 17 11  0 16
 18 15 16 16 11 11 16  0
Вариант 6
8
  0 18 19 13 18 13 18 17
 18  0 18 12 18 13 11 17
 19 18  0 18 13 18 16 14
 13 12 18  0 11 11 10 15
 18 18 13 11  0 18 13 12
 13 13 18 11 18  0 13 12
 18 11 16 10 13 13  0 15
 17 17 14 15 12 12 15  0
Вариант 7
8
  0 20 17 15 12 19 10 10
 20  0 17 20 12 14 13 16
 17 17  0 20 13 11 20 10
 15 20 20  0 13 19 19 11
 12 12 13 13  0 12 12 10
 19 14 11 19 12  0 13 13
 10 13 20 19 12 13  0 20
 10 16 10 11 10 13 20  0
Вариант 8
8
  0 12 19 20 15 14 19 14
 12  0 10 14 13 19 20 20
 19 10  0 15 19 18 12 18
 20 14 15  0 19 14 16 19
 15 13 19 19  0 14 10 16
 14 19 18 14 14  0 13 20
 19 20 12 16 10 13  0 18
 14 20 18 19 16 20 18  0
Вариант 9
8
  0 20 14 16 17 16 16 20
 20  0 12 15 20 17 20 16
 14 12  0 15 10 11 14 19
 16 15 15  0 19 19 11 14
 17 20 10 19  0 12 14 10
 16 17 11 19 12  0 15 13
 16 20 14 11 14 15  0 19
 20 16 19 14 10 13 19  0
Вариант 10
8
  0 10 15 13 16 11 11 19
 10  0 10 15 11 17 11 11
 15 10  0 13 10 17 12 18
 13 15 13  0 14 12 11 10
 16 11 10 14  0 13 18 11
 11 17 17 12 13  0 18 20
 11 11 12 11 18 18  0 17
 19 11 18 10 11 20 17  0
Вариант 11
8
  0 13 14 16 13 13 14 18
 13  0 13 12 18 14 11 11
 14 13  0 14 15 14 13 18
 16 12 14  0 16 11 10 14
 13 18 15 16  0 20 12 10
 13 14 14 11 20  0 20 14
 14 11 13 10 12 20  0 16
 18 11 18 14 10 14 16  0
Вариант 12
8
  0 20 13 14 12 13 11 15
 20  0 19 17 12 12 11 11
 13 19  0 18 18 18 19 20
 14 17 18  0 10 16 16 16
 12 12 18 10  0 13 18 12
 13 12 18 16 13  0 15 13
 11 11 19 16 18 15  0 17
 15 11 20 16 12 13 17  0
Вариант 13
8
  0 10 12 17 16 18 16 10
 10  0 14 14 13 13 19 16
 12 14  0 13 14 17 12 20
 17 14 13  0 13 13 19 12
 16 13 14 13  0 20 15 17
 18 13 17 13 20  0 10 14
 16 19 12 19 15 10  0 18
 10 16 20 12 17 14 18  0
Вариант 14
8
  0 15 17 11 17 18 18 18
 15  0 19 10 20 13 15 12
 17 19  0 17 13 20 12 16
 11 10 17  0 14 12 20 13
 17 20 13 14  0 14 14 12
 18 13 20 12 14  0 13 10
 18 15 12 20 14 13  0 10
 18 12 16 13 12 10 10  0
Вариант 15
8
  0 20 19 18 13 16 19 15
 20  0 17 18 16 13 15 13
 19 17  0 17 11 11 15 10
 18 18 17  0 16 18 10 13
 13 16 11 16  0 18 14 13
 16 13 11 18 18  0 19 10
 19 15 15 10 14 19  0 10
 15 13 10 13 13 10 10  0
Вариант 16
8
  0 18 15 15 20 20 14 17
 18  0 15 17 12 15 15 20
 15 15  0 11 16 11 13 11
 15 17 11  0 13 16 11 17
 20 12 16 13  0 10 14 12
 20 15 11 16 10  0 17 12
 14 15 13 11 14 17  0 16
 17 20 11 17 12 12 16  0
Вариант 17
8
  0 16 10 18 13 15 12 13
 16  0 18 20 14 19 11 13
 10 18  0 10 14 18 10 13
 18 20 10  0 11 11 20 17
 13 14 14 11  0 11 15 16
 15 19 18 11 11  0 13 13
 12 11 10 20 15 13  0 11
 13 13 13 17 16 13 11  0
Вариант 18
8
  0 12 11 20 14 20 19 19
 12  0 13 10 15 16 17 12
 11 13  0 14 12 17 11 20
 20 10 14  0 18 12 17 11
 14 15 12 18  0 19 16 11
 20 16 17 12 19  0 11 15
 19 17 11 17 16 11  0 19
 19 12 20 11 11 15 19  0
Вариант 19
8
  0 11 13 14 18 19 10 19
 11  0 11 17 20 18 18 17
 13 11  0 15 14 10 14 20
 14 17 15  0 15 18 17 12
 18 20 14 15  0 20 17 20
 19 18 10 18 20  0 18 15
 10 18 14 17 17 18  0 20
 19 17 20 12 20 15 20  0
Вариант 20
8
  0 10 10 12 11 16 17 20
 10  0 19 16 18 16 16 18
 10 19  0 16 13 16 13 16
 12 16 16  0 10 19 15 19
 11 18 13 10  0 11 12 10
 16 16 16 19 11  0 11 11
 17 16 13 15 12 11  0 13
 20 18 16 19 10 11 13  0
Вариант 21
8
  0 11 12 20 19 18 19 10
 11  0 14 15 15 16 16 12
 12 14  0 16 11 20 13 13
 20 15 16  0 13 10 20 17
 19 15 11 13  0 17 11 13
 18 16 20 10 17  0 16 13
 19 16 13 20 11 16  0 10
 10 12 13 17 13 13 10  0
Вариант 22
8
  0 18 13 12 11 10 20 10
 18  0 20 17 11 19 14 11
 13 20  0 13 10 18 11 11
 12 17 13  0 15 10 16 20
 11 11 10 15  0 16 15 10
 10 19 18 10 16  0 10 16
 20 14 11 16 15 10  0 17
 10 11 11 20 10 16 17  0
Вариант 23
8
  0 19 20 17 14 14 10 11
 19  0 15 10 10 12 12 12
 20 15  0 10 11 14 16 11
 17 10 10  0 19 18 18 17
 14 10 11 19  0 11 14 15
 14 12 14 18 11  0 10 10
 10 12 16 18 14 10  0 10
 11 12 11 17 15 10 10  0
Вариант 24
8
  0 14 15 14 20 17 19 19
 14  0 16 15 13 11 10 11
 15 16  0 16 16 16 15 15
 14 15 16  0 15 15 13 12
 20 13 16 15  0 10 12 14
 17 11 16 15 10  0 18 15
 19 10 15 13 12 18  0 11
 19 11 15 12 14 15 11  0
Вариант 25
8
  0 18 11 10 19 12 17 18
 18  0 16 10 14 10 16 19
 11 16  0 16 15 19 17 13
 10 10 16  0 19 13 11 13
 19 14 15 19  0 14 17 10
 12 10 19 13 14  0 19 14
 17 16 17 11 17 19  0 13
 18 19 13 13 10 14 13  0
Вариант 26
8
  0 16 19 10 14 16 19 12
 16  0 11 15 13 19 12 17
 19 11  0 15 20 16 17 18
 10 15 15  0 12 12 18 19
 14 13 20 12  0 10 13 17
 16 19 16 12 10  0 19 15
 19 12 17 18 13 19  0 18
 12 17 18 19 17 15 18  0
Вариант 27
8
  0 13 20 14 20 16 18 10
 13  0 20 14 20 10 17 20
 20 20  0 16 11 11 12 11
 14 14 16  0 16 13 11 13
 20 20 11 16  0 16 16 20
 16 10 11 13 16  0 12 10
 18 17 12 11 16 12  0 18
 10 20 11 13 20 10 18  0
Вариант 28
8
  0 14 20 19 12 10 12 17
 14  0 15 13 16 18 16 13
 20 15  0 10 18 19 12 10
 19 13 10  0 11 14 13 17
 12 16 18 11  0 19 19 17
 10 18 19 14 19  0 13 16
 12 16 12 13 19 13  0 18
 17 13 10 17 17 16 18  0
Вариант 29
8
  0 19 17 20 13 10 17 17
 19  0 13 10 12 12 19 12
 17 13  0 13 12 20 11 10
 20 10 13  0 10 17 13 12
 13 12 12 10  0 14 20 18
 10 12 20 17 14  0 17 19
 17 19 11 13 20 17  0 17
 17 12 10 12 18 19 17  0
Вариант 30
8
  0 20 13 17 12 10 11 13
 20  0 17 19 12 12 17 12
 13 17  0 18 14 14 13 19
 17 19 18  0 12 14 11 18
 12 12 14 12  0 19 18 19
 10 12 14 14 19  0 14 20
 11 17 13 11 18 14  0 13
 13 12 19 18 19 20 13  0
